,quantile,station_id,lat,lon
0,-5.0,18,48.935,-123.742
1,-30.0,29,48.8244,-124.133
3,-2.0,34,48.4246,-123.226
4,-25.0,39,48.7347,-123.728
5,-12.0,45,48.432,-123.439
6,-15.0,48,48.8717,-123.498
8,-69.0,60,48.5749,-123.53
9,-5.0,62,48.8447,-123.32
10,-5.0,74,48.7639,-123.287
13,-10.0,78,48.5917,-124.326
15,-25.0,87,48.8203,-123.477
18,-9.0,94,48.775,-123.128
19,-17.0,95,48.7839,-123.045
20,-20.0,96,48.6469,-123.626
21,-2.0,98,48.3767,-123.921
22,-15.0,111,48.457,-123.305
24,-15.0,115,48.4133,-123.325
25,-20.0,118,48.5092,-123.508
26,-22.0,122,48.6472,-123.426
28,-27.0,137,48.5338,-123.459
30,-7.0,156,49.3503,-124.16
31,-35.0,157,49.8461,-125.133
32,-43.0,165,49.9519,-125.273
33,-18.0,174,49.9985,-125.195
34,-1.0,176,50.3332,-125.446
35,-31.0,180,49.7167,-124.9
36,-35.0,182,49.3058,-124.429
37,-25.0,185,50.0714,-124.949
38,-15.0,186,49.7631,-124.999
39,-25.0,195,48.7559,-123.765
40,-3.0,197,49.2087,-123.811
41,-18.0,198,50.4535,-125.993
42,-25.0,200,49.1539,-123.734
43,-10.0,201,50.0994,-125.203
44,-30.0,209,49.3528,-124.512
45,-105.0,213,49.7469,-125.291
46,-10.0,215,49.4708,-124.794
47,-30.0,220,49.0544,-123.87
48,-30.0,227,49.8833,-125.133
50,-24.0,234,50.6803,-127.366
51,-12.0,239,49.3372,-124.394
52,-15.0,242,49.3938,-124.617
53,-30.0,243,50.0161,-125.304
54,-4.0,249,49.4866,-124.435
56,-27.79,259,49.717,-124.977
57,-20.0,260,49.0908,-123.799
58,-30.0,265,49.3372,-124.982
60,-10.0,271,48.8333,-125.117
62,-3.0,277,50.7822,-128.427
65,-35.0,287,49.7789,-126.055
66,-20.0,305,48.8594,-124.655
68,-5.0,307,48.7228,-125.097
69,-23.0,311,49.2017,-124.752
70,-5.0,314,50.3858,-127.455
71,-10.0,316,50.5336,-127.653
73,-35.0,319,49.3166,-124.927
74,-1.0,320,50.8211,-128.908
76,-6.0,326,49.0822,-125.773
77,-15.0,333,48.9453,-125.527
82,-24.0,377,49.4878,-123.299
84,-20.0,383,49.8342,-124.5
85,-25.0,399,49.6983,-123.16
86,-50.0,400,49.8958,-123.281
87,-44.0,402,49.7832,-123.161
88,-97.0,409,50.1289,-122.955
89,-5.0,417,51.9358,-131.016
90,-23.0599999999999,423,53.3156,-132.772
94,-30.0,434,53.05,-132.05
95,-21.0,438,54.1591,-131.661
96,-26.0,439,53.2539,-131.813
97,-25.0,446,53.5,-131.95
98,-20.0,447,53.7637,-132.299
99,-7.0,448,51.6035,-127.864
100,-75.0,456,52.3706,-126.685
101,-80.0,457,52.3875,-126.596
102,-40.0,462,52.6431,-128.524
103,-22.0,463,53.4928,-130.638
104,-34.0,464,53.4928,-130.639
105,-64.0,466,52.1875,-127.471
106,-15.0,467,53.0304,-131.602
107,-39.0,469,52.185,-128.112
108,-2.0,471,51.2472,-127.835
109,-37.0,476,54.5686,-130.708
110,-50.0,477,54.5803,-130.698
112,-19.0,480,54.1722,-130.361
113,-30.0,481,52.2697,-128.407
114,-80.0,482,53.5631,-127.943
115,-85.0,483,53.8333,-128.483
116,-90.0,488,54.0536,-128.634
117,-95.0,489,54.0097,-128.705
118,-22.0,495,54.2959,-130.609
119,-18.0,496,52.2617,-128.719
120,-71.0,507,54.2925,-130.445
121,-106.0,524,55.9361,-129.985
122,-90.0,527,52.3681,-126.067
123,-145.0,532,54.4664,-128.577
124,-10.0,533,54.5019,-128.625
125,-14.0,539,54.2947,-130.88
126,-90.0,543,54.0436,-128.682
127,-188.0,551,54.4464,-125.46
128,-195.0,556,54.1986,-126.277
129,-180.0,564,54.3964,-126.668
130,-150.0,578,55.2375,-129.03
131,-204.0,585,54.8247,-127.183
132,-195.0,594,54.8158,-126.163
133,-175.0,595,56.6525,-130.446
134,-165.0,597,55.2886,-127.171
135,-210.0,621,51.9778,-124.99
136,-210.0,623,51.8244,-124.467
137,-210.0,636,53.7722,-125.997
138,-124.0,637,53.7719,-125.997
139,-100.0,639,50.3056,-122.734
140,-230.0,645,52.9917,-122.955
141,-225.0,648,52.1144,-124.136
142,-170.0,652,53.6167,-127.7
143,-215.0,653,53.8725,-125.87
144,-190.0,657,51.6747,-124.405
145,-200.0,658,51.6746,-124.403
146,-205.0,661,53.825,-126.214
147,-200.0,666,53.0692,-121.515
148,-199.0,673,54.3832,-125.959
149,-180.0,678,53.6,-120.7
150,-160.0,690,54.4553,-124.286
151,-185.0,695,53.5314,-122.699
152,-190.0,699,52.3625,-121.364
153,-195.0,705,52.8144,-122.413
154,-100.0,714,53.4234,-120.353
155,-180.0,719,52.3797,-122.374
156,-200.0,726,52.2603,-121.724
157,-227.0,735,53.8908,-122.679
158,-210.0,739,54.0531,-122.736
159,-215.0,741,53.9667,-122.933
160,-185.0,742,53.88,-122.767
161,-218.0,748,53.0261,-122.51
162,-208.0,759,52.1836,-121.686
163,-223.0,764,52.4664,-122.617
164,-213.0,771,52.1831,-122.054
165,-185.0,775,52.1281,-122.149
166,-240.0,776,54.0564,-122.469
167,-210.0,779,54.0333,-124.017
168,-170.87,781,52.5414,-122.489
169,-215.0,784,54.0783,-124.847
170,-190.0,786,51.6233,-121.263
171,-208.0,790,53.0025,-119.535
172,-58.0,795,49.0253,-122.36
173,-54.0,801,49.2431,-121.76
174,-25.0,802,49.2431,-121.76
175,-87.0,812,50.1025,-122.936
176,-5.0,817,49.3847,-122.863
177,-10.0,828,49.2784,-122.918
178,-15.0,833,49.2517,-122.877
179,-30.0,840,49.1722,-121.925
180,-20.0,851,49.1092,-122.698
181,-35.0,858,49.08,-121.704
183,-25.0,884,49.1447,-122.551
184,-35.0,888,49.2044,-122.558
186,-30.0,894,49.1667,-122.25
187,-40.0,909,49.3564,-121.579
188,-30.0,915,49.1667,-122.533
189,-30.0,924,49.2111,-122.507
191,-50.0,940,49.3811,-123.078
192,-33.0,954,49.2083,-122.69
196,-25.0,979,49.1708,-123.093
197,-5.0,980,49.1059,-123.303
198,-30.0,981,49.0819,-121.895
199,-20.0,985,49.2333,-122.367
200,-20.0,996,49.2053,-122.776
202,-29.0,1014,49.195,-123.182
203,-17.0,1035,49.347,-123.193
204,-140.0,1051,50.0678,-122.947
205,-40.0,1052,49.0181,-122.784
206,-25.0,1068,49.2167,-123.0
207,-20.0,1095,49.4375,-122.967
208,-85.0,1112,49.3683,-121.498
209,-90.0,1119,49.2667,-121.233
210,-135.0,1123,50.6837,-121.934
211,-20.0,1129,50.6733,-121.924
212,-130.0,1132,50.2244,-121.582
213,-110.0,1164,49.3572,-120.077
214,-135.0,1166,49.3695,-120.022
215,-155.0,1168,50.4667,-121.017
216,-143.0,1169,49.6728,-120.333
217,-160.0,1170,49.8572,-119.126
218,-117.0,1174,49.9561,-119.378
219,-105.0,1181,49.8595,-119.397
220,-70.0,1183,49.8742,-119.484
221,-89.0,1186,49.95,-119.4
222,-100.0,1188,49.2103,-119.821
223,-195.0,1192,50.5,-120.817
224,-130.0,1200,50.1142,-120.801
225,-79.98,1204,49.5507,-119.571
226,-75.0,1209,50.0561,-119.445
227,-70.0,1214,49.1658,-119.564
228,-30.0,1216,49.179,-119.545
229,-100.0,1220,49.0283,-119.441
230,-80.0,1222,49.0319,-119.443
231,-70.0,1226,49.7833,-119.717
232,-65.0,1229,49.7003,-119.741
233,-104.0,1235,49.4631,-119.602
234,-136.0,1238,49.4678,-120.513
235,-110.0,1250,50.2642,-119.31
236,-113.0,1253,50.2233,-119.194
237,-96.0,1254,50.2233,-119.194
238,-100.0,1255,50.3443,-119.271
239,-160.0,1256,50.359,-119.056
240,-90.0,1261,50.0366,-119.416
241,-144.0,1266,49.465,-120.51
242,-104.0,1267,49.5626,-119.649
243,-165.0,1272,49.4783,-119.047
244,-118.0,1278,49.0262,-118.466
245,-135.0,1286,49.0037,-118.772
246,-110.0,1291,49.0168,-118.228
247,-98.0,1296,49.2964,-117.632
248,-30.0,1298,49.3434,-117.774
249,-80.0,1305,49.0971,-116.518
250,-45.0,1307,49.0956,-116.529
251,-60.0,1309,50.2387,-116.972
252,-40.0,1311,49.8719,-118.067
253,-90.0,1318,49.9127,-116.921
254,-95.0,1324,49.032,-116.458
255,-100.0,1325,50.2694,-117.817
256,-65.0,1332,49.5861,-117.206
257,-80.0,1337,49.9958,-117.37
258,-100.0,1339,49.4914,-117.305
259,-75.0,1355,49.1,-117.75
260,-100.0,1356,49.1119,-117.739
261,-100.0,1361,49.0817,-116.501
262,-95.0,1362,49.5123,-117.399
263,-88.0,1363,49.5386,-117.648
264,-155.0,1367,49.226,-115.221
265,-179.0,1374,49.6122,-115.782
266,-188.0,1379,49.4761,-115.748
267,-180.0,1382,49.4887,-115.073
268,-220.0,1386,50.1486,-114.855
269,-160.0,1387,49.5092,-115.761
270,-115.0,1398,49.6316,-115.962
271,-165.0,1403,50.6308,-116.061
272,-160.0,1404,49.6371,-115.957
273,-188.0,1411,49.7453,-114.883
274,-217.0,1412,49.745,-114.884
275,-155.0,1416,49.4732,-115.46
276,-155.0,1417,49.8073,-115.631
277,-140.0,1425,50.5,-119.217
278,-168.0,1437,52.129,-119.29
279,-190.0,1441,51.5038,-120.793
280,-198.0,1442,52.129,-119.29
281,-200.0,1443,51.7086,-121.083
282,-129.6,1447,50.9556,-119.379
283,-150.0,1451,51.2622,-120.204
284,-206.0,1456,51.1447,-121.505
285,-190.0,1461,51.0297,-120.728
286,-135.0,1462,51.2918,-120.183
287,-139.0,1480,50.7022,-120.442
288,-113.0,1489,50.7022,-120.442
289,-115.0,1491,50.675,-120.253
290,-150.0,1501,50.2362,-118.956
291,-135.0,1502,50.3667,-118.767
292,-130.0,1509,51.0467,-120.222
293,-220.0,1515,51.6469,-121.303
294,-195.0,1516,51.6814,-121.217
295,-163.0,1518,50.935,-120.8
296,-180.0,1521,51.8447,-120.979
297,-155.0,1525,50.7161,-119.945
298,-50.0,1526,50.6856,-119.234
299,-115.0,1535,50.5452,-119.35
300,-114.36,1539,50.4218,-121.315
301,-190.0,1545,50.903,-119.911
302,-140.0,1548,51.5761,-119.778
303,-150.0,1553,50.4689,-119.751
304,-140.0,1556,50.6296,-120.172
305,-109.0,1560,50.703,-119.291
306,-185.0,1561,51.3265,-120.839
307,-120.0,1563,50.8181,-120.294
308,-230.0,1569,50.8871,-119.883
309,-195.0,1571,50.9021,-119.918
310,-213.7,1573,50.9494,-116.929
311,-190.0,1577,52.7195,-119.472
312,-175.0,1585,51.3017,-117.517
313,-173.0,1587,51.2992,-116.982
314,-170.0,1590,51.6297,-118.425
315,-160.0,1591,51.6325,-118.168
316,-170.0,1592,51.6397,-118.489
317,-130.96,1593,52.0531,-118.585
318,-133.0,1596,50.9611,-118.183
319,-230.0,1615,51.4429,-116.345
320,-160.0,1616,51.2382,-117.701
321,-242.55,1630,55.2333,-121.383
322,-280.0,1632,56.2977,-121.016
323,-241.0,1634,55.6872,-121.627
324,-306.0,1639,55.7417,-120.182
325,-286.0,1649,56.2381,-120.74
326,-195.0,1653,55.7855,-124.701
327,-260.0,1662,55.3053,-123.138
328,-240.0,1681,55.5392,-122.483
329,-260.0,1689,55.1331,-121.25
330,-260.0,1702,58.4283,-130.011
331,-322.0,1705,58.8364,-122.597
332,-285.0,1711,58.8414,-122.573
333,-245.0,1720,58.93,-125.767
334,-249.0,1725,58.6531,-124.236
335,-250.0,1736,58.4261,-130.025
336,-205.0,1738,59.5667,-133.7
337,-180.0,1744,56.6667,-131.1
338,-160.0,1760,59.45,-136.367
339,-260.0,1767,59.7164,-135.045
340,-367.0,1778,62.4103,-140.868
341,-280.0,1780,60.0,-136.767
342,-360.0,1789,61.3667,-139.05
343,-348.0,1794,62.115,-136.192
344,-368.0,1803,64.0431,-139.128
345,-330.0,1812,66.3694,-136.718
346,-340.0,1817,62.2069,-133.373
347,-343.0,1818,62.2075,-133.376
348,-337.0,1827,60.7725,-137.58
349,-330.0,1831,69.5682,-138.913
350,-366.0,1835,69.1644,-140.15
351,-340.0,1839,64.4539,-138.216
352,-365.0,1841,69.6119,-140.197
353,-292.0,1844,63.2436,-130.037
354,-346.0,1850,63.6167,-135.867
355,-335.0,1853,60.8764,-135.183
356,-400.0,1854,63.5942,-137.523
357,-430.0,1861,65.3603,-138.305
358,-393.0,1862,67.5706,-139.839
359,-398.0,1864,67.5706,-139.839
360,-298.0,1866,61.0333,-137.05
361,-338.0,1869,62.83,-137.311
362,-315.0,1870,60.7667,-135.117
363,-313.0,1875,66.9811,-136.218
364,-366.0,1882,68.95,-137.217
365,-355.0,1884,61.1817,-129.132
366,-372.0,1887,64.0609,-139.127
367,-340.0,1899,60.9458,-135.573
368,-309.0,1901,60.1741,-132.736
369,-297.0,1903,60.1667,-132.733
370,-351.0,1909,60.1165,-128.822
371,-275.0,1912,60.1158,-128.832
372,-313.0,1915,60.7095,-135.069
373,-310.0,1918,60.71,-135.027
374,-370.0,1922,68.2233,-135.006
375,-348.0,1934,70.1667,-124.717
376,-395.0,1938,67.0214,-126.123
377,-359.0,1941,65.2086,-123.433
378,-354.0,1943,61.2567,-124.468
379,-356.0,1944,65.2111,-123.436
380,-380.0,1947,66.2408,-128.651
381,-361.0,1950,66.2422,-128.644
382,-332.0,1952,60.235,-123.467
383,-329.0,1954,60.2333,-123.467
384,-379.0,1958,67.4078,-134.86
385,-355.0,1961,64.9086,-125.568
386,-359.0,1964,61.3169,-117.602
387,-361.0,1967,62.7114,-109.168
388,-330.0,1969,61.1808,-113.69
389,-336.0,1973,61.7603,-121.237
390,-299.0,1974,61.7603,-121.237
391,-339.0,1981,60.0203,-111.962
392,-293.0,1983,60.0261,-111.929
393,-383.0,1987,63.6,-105.133
394,-341.0,1990,60.8397,-115.783
395,-288.0,1992,60.8389,-115.777
396,-360.0,1994,60.65,-116.0
397,-306.0,1999,61.9203,-113.726
398,-386.0,2001,68.3042,-133.483
399,-323.0,2004,68.3167,-133.517
400,-390.0,2009,63.1336,-117.245
401,-386.0,2018,65.2825,-126.8
402,-330.0,2024,65.2875,-126.753
403,-356.0,2027,69.3611,-124.075
404,-344.0,2028,69.3578,-124.083
405,-365.0,2030,69.6325,-135.444
406,-399.0,2039,64.1117,-117.328
407,-371.0,2054,69.4333,-133.026
408,-377.0,2056,69.4333,-133.017
409,-358.0,2057,69.1989,-122.359
410,-371.0,2064,63.2094,-123.437
411,-379.0,2067,62.4628,-114.44
412,-350.0,2069,62.45,-114.383
413,-357.0,2072,61.2419,-123.742
414,-372.0,2073,69.6042,-130.911
415,-430.0,2074,67.1792,-130.228
416,-360.0,2077,60.4408,-121.239
417,-350.0,2080,62.4186,-110.682
418,-371.0,2081,62.4156,-110.69
419,-376.0,2084,64.6989,-110.615
420,-335.0,2085,61.125,-122.851
421,-349.0,2087,68.7463,-133.502
422,-410.0,2091,64.2989,-96.0778
423,-367.0,2092,64.3167,-96.0
424,-390.0,2102,63.3469,-90.7311
425,-369.0,2107,67.8167,-115.144
426,-336.0,2109,67.8172,-115.135
427,-394.0,2111,61.1,-94.0667
428,-400.0,2113,64.1933,-83.3594
429,-352.0,2119,61.1319,-100.884
430,-334.0,2120,61.1,-94.0667
431,-422.0,2122,68.6356,-95.8503
432,-390.0,2126,68.6356,-95.8503
433,-393.0,2128,68.3181,-100.087
434,-375.0,2136,65.7592,-111.25
435,-400.0,2139,68.5406,-89.7972
436,-401.0,2140,68.4369,-89.7258
437,-368.0,2141,68.5375,-89.7964
438,-405.0,2144,62.8167,-92.1167
439,-380.0,2147,65.0997,-102.429
440,-429.0,2153,68.8167,-93.4333
441,-380.0,2159,62.24,-92.5981
442,-349.0,2164,69.2756,-119.219
443,-348.0,2167,65.7553,-111.246
444,-418.0,2168,82.5178,-62.2806
445,-350.0,2171,82.5,-62.3333
446,-288.0,2181,63.3397,-64.1458
447,-323.0,2182,67.5356,-63.7889
448,-361.0,2184,67.5458,-64.0314
449,-297.0,2185,67.5474,-64.0334
450,-416.0,2190,69.1081,-105.138
451,-377.0,2192,69.1081,-105.138
452,-339.0,2196,64.2303,-76.525
453,-325.0,2202,68.4725,-66.8153
454,-391.0,2204,69.0358,-107.823
455,-393.0,2206,70.4861,-68.5167
456,-311.0,2208,70.4833,-68.5167
457,-311.0,2212,64.9578,-63.5778
458,-371.0,2214,68.65,-71.1667
459,-450.0,2221,79.9833,-85.9333
460,-421.0,2233,68.7758,-81.2425
461,-366.0,2234,76.4228,-82.9022
462,-363.0,2236,68.7761,-81.2436
463,-340.0,2241,69.3833,-81.8
464,-385.0,2243,69.3667,-81.8167
465,-380.0,2245,63.75,-68.55
466,-317.0,2247,63.7472,-68.5444
467,-353.0,2248,63.75,-68.55
468,-386.0,2251,78.7922,-103.554
469,-387.0,2259,68.8986,-75.1408
470,-378.0,2267,72.9833,-84.6167
471,-319.0,2273,66.1434,-65.7113
472,-365.0,2277,66.145,-65.7136
473,-417.0,2281,72.6894,-77.9689
474,-366.0,2283,72.6933,-77.9575
475,-408.0,2286,75.3767,-105.715
476,-373.0,2287,66.5214,-86.2247
477,-411.0,2292,74.7169,-94.9694
478,-373.0,2293,74.7158,-94.9831
479,-280.0,2295,61.5833,-64.65
480,-366.0,2296,69.0833,-79.0333
481,-395.0,2303,69.55,-93.5833
482,-415.0,2315,74.1389,-119.989
483,-365.0,2319,70.7628,-117.806
484,-345.0,2322,70.7614,-117.8
485,-355.0,2326,71.9925,-125.254
486,-366.0,2328,72.0,-125.267
487,-440.0,2330,73.2308,-119.538
488,-403.0,2331,76.2375,-119.347
489,-249.0,2332,54.2833,-112.967
490,-260.0,2338,52.4167,-111.783
491,-270.0,2340,54.0167,-112.233
492,-245.0,2341,53.9169,-112.279
493,-232.0,2354,52.1242,-110.101
494,-240.0,2357,53.1667,-114.483
495,-210.0,2358,53.0894,-114.441
496,-240.0,2361,52.9833,-113.717
497,-257.1,2362,52.3192,-111.469
498,-255.0,2365,53.9968,-113.889
499,-250.0,2371,53.2897,-113.863
500,-249.0,2375,53.05,-112.817
501,-270.0,2376,52.95,-112.8
502,-240.0,2377,53.2344,-114.654
503,-270.0,2380,53.55,-111.25
504,-233.0,2387,51.9369,-110.713
505,-270.0,2390,51.7667,-111.55
506,-213.0,2394,52.0742,-111.449
507,-240.0,2398,52.75,-113.95
508,-250.0,2404,52.5167,-112.351
509,-251.0,2410,53.5719,-113.519
510,-274.0,2412,53.3167,-113.583
511,-241.0,2413,53.3067,-113.606
512,-256.0,2415,53.5733,-113.518
513,-235.0,2416,53.5731,-113.517
514,-265.0,2418,53.6667,-113.467
515,-262.0,2424,53.5475,-114.108
516,-250.0,2425,53.4167,-113.75
517,-247.0,2430,53.6828,-112.868
518,-260.0,2437,52.0333,-112.133
519,-270.0,2439,52.9667,-111.0
520,-240.0,2444,52.4675,-112.12
521,-253.0,2447,53.7167,-113.183
522,-260.0,2461,52.95,-113.183
523,-245.0,2462,52.1667,-112.617
524,-246.0,2471,53.45,-114.467
525,-239.0,2482,52.8475,-111.872
526,-260.0,2485,53.0,-111.517
527,-252.0,2494,53.9428,-110.579
528,-291.0,2498,53.3092,-110.072
529,-221.0,2517,53.5667,-112.3
530,-235.0,2528,53.65,-113.35
531,-275.0,2532,53.1167,-110.35
532,-265.0,2537,52.8667,-110.9
533,-260.0,2544,53.4167,-111.733
534,-215.0,2551,52.4214,-114.912
535,-285.0,2559,54.3,-111.45
536,-276.0,2561,54.0111,-111.272
537,-260.0,2569,52.7833,-111.7
538,-248.0,2573,53.8833,-114.117
539,-237.0,2575,54.2775,-112.499
540,-255.0,2579,52.3333,-112.717
541,-215.0,2581,52.3469,-112.596
542,-250.0,2591,53.55,-112.75
543,-208.0,2592,53.4394,-114.718
544,-226.0,2599,53.6253,-111.678
545,-242.0,2604,53.3438,-110.882
546,-270.0,2608,52.0,-111.0
547,-260.0,2613,53.2833,-111.767
548,-204.0,2616,53.1436,-115.126
549,-245.0,2626,53.5053,-112.098
550,-235.0,2631,52.6333,-113.383
551,-235.0,2632,52.95,-114.583
552,-200.0,2639,53.5472,-114.108
553,-242.0,2643,51.6697,-110.206
554,-295.0,2645,53.2,-110.15
555,-215.0,2647,52.4,-115.2
556,-250.0,2649,53.5167,-113.533
557,-255.0,2651,54.15,-113.85
558,-290.0,2654,54.0,-113.183
559,-250.0,2655,52.4167,-112.567
560,-242.0,2657,52.8294,-111.096
561,-270.0,2662,51.1961,-110.169
562,-269.22,2679,51.1667,-111.2
563,-265.0,2684,50.8908,-110.199
564,-250.0,2709,51.7667,-112.283
565,-240.0,2713,52.05,-114.217
566,-240.0,2725,52.2847,-114.391
567,-265.0,2726,51.4453,-112.677
568,-255.0,2728,50.9558,-110.006
569,-245.0,2735,50.9497,-112.189
570,-202.0,2744,51.1833,-112.5
571,-255.0,2749,50.7222,-111.196
572,-230.0,2753,52.4489,-113.756
573,-223.0,2754,52.5531,-114.472
574,-225.0,2759,52.5167,-114.733
575,-220.0,2763,51.5042,-114.324
576,-219.0,2769,51.6603,-112.675
577,-230.0,2772,51.7833,-114.1
578,-202.0,2773,51.7586,-114.085
579,-250.0,2775,51.1667,-110.517
580,-265.0,2776,51.3528,-110.472
581,-238.0,2777,51.3833,-110.35
582,-228.0,2785,51.1253,-111.705
583,-201.0,2787,52.4333,-113.6
584,-230.0,2789,52.3108,-113.792
585,-265.0,2791,52.1786,-113.893
586,-250.0,2798,50.3092,-110.086
587,-211.0,2800,50.3069,-110.091
588,-275.0,2803,51.475,-110.248
589,-253.0,2806,51.4247,-110.146
590,-264.22,2809,51.4919,-112.959
591,-235.29,2814,51.9667,-114.45
592,-231.0,2821,51.7675,-113.206
593,-250.0,2828,51.8333,-113.217
594,-241.0,2834,51.7781,-114.683
595,-250.0,2840,51.6822,-113.313
596,-194.0,2849,49.8,-112.3
597,-192.0,2856,49.4167,-114.1
598,-182.0,2860,49.5667,-113.05
599,-214.0,2861,49.7342,-111.45
600,-185.0,2864,49.8667,-111.383
601,-176.0,2869,49.6167,-113.817
602,-217.0,2880,50.5553,-111.849
603,-235.0,2890,51.1139,-114.02
604,-154.0,2891,51.1094,-114.0
605,-205.0,2899,49.1317,-113.242
606,-209.0,2900,49.2006,-113.286
607,-210.0,2908,48.9997,-113.376
608,-199.0,2912,50.2819,-113.35
609,-200.0,2914,50.0036,-113.639
610,-220.0,2917,50.0189,-113.711
611,-223.0,2920,51.1969,-114.434
612,-210.0,2923,49.6161,-114.215
613,-193.0,2924,51.0761,-114.222
614,-191.0,2935,50.1833,-112.433
615,-180.0,2937,49.8,-112.033
616,-225.0,2938,49.7692,-113.838
617,-230.0,2939,49.477,-111.446
618,-198.0,2940,49.4833,-111.486
619,-240.0,2949,50.8833,-113.05
620,-230.0,2960,50.5997,-113.348
621,-230.0,2961,50.4833,-114.167
622,-242.0,2976,49.6303,-112.8
623,-216.0,2978,49.6333,-112.8
624,-200.0,2981,49.695,-112.767
625,-170.0,2984,49.6833,-112.75
626,-244.0,2993,50.0189,-110.721
627,-178.0,2996,50.0251,-110.717
628,-225.0,3001,49.8144,-113.161
629,-200.0,3005,49.1319,-113.594
630,-239.0,3016,49.5206,-113.997
631,-161.0,3017,49.5217,-114.005
632,-223.0,3027,50.6064,-112.983
633,-172.0,3034,49.4833,-112.683
634,-220.0,3038,50.8333,-112.05
635,-189.0,3040,49.9167,-110.917
636,-188.0,3049,50.1833,-113.883
637,-239.0,3056,50.2667,-111.183
638,-218.0,3059,49.7919,-112.124
639,-224.0,3069,50.05,-112.133
640,-245.0,3070,50.1825,-112.122
641,-230.0,3073,50.4,-113.25
642,-230.0,3076,51.2692,-114.721
643,-174.0,3079,49.5,-112.117
644,-228.0,3081,51.2381,-114.448
645,-240.0,3083,51.2433,-113.639
646,-260.0,3085,51.1031,-114.374
647,-215.0,3088,50.7292,-113.961
648,-220.0,3089,49.8714,-112.788
649,-210.0,3091,49.05,-111.317
650,-260.0,3092,49.2453,-110.014
651,-189.0,3098,49.05,-112.817
652,-225.0,3100,49.5814,-110.371
653,-211.2,3109,49.1267,-111.654
654,-178.0,3110,49.1367,-111.652
655,-196.0,3111,49.1333,-112.05
656,-205.0,3117,49.1167,-110.467
657,-186.0,3134,51.1934,-115.552
658,-205.0,3140,49.4672,-114.177
659,-225.0,3142,52.3167,-116.333
660,-207.0,3145,51.0833,-115.067
661,-275.0,3156,51.2667,-115.917
662,-234.0,3170,49.6275,-114.482
663,-265.0,3174,50.9,-114.7
664,-248.0,3177,51.6333,-116.5
665,-214.8,3179,50.7333,-114.7
666,-250.0,3183,51.0,-115.5
667,-200.0,3194,52.9264,-118.03
668,-180.0,3199,51.0275,-115.035
669,-250.0,3201,50.7125,-115.12
670,-250.0,3207,51.4333,-116.217
671,-209.0,3212,50.1667,-114.7
672,-233.0,3216,52.6833,-118.1
673,-228.61,3225,50.4833,-114.9
674,-198.0,3228,52.492,-116.04
675,-260.0,3229,52.5,-116.05
676,-239.63,3231,52.2,-117.133
677,-144.0,3234,50.3683,-114.416
678,-227.0,3245,51.9667,-116.717
679,-203.44,3254,49.2167,-114.083
680,-203.0,3256,50.1167,-114.067
681,-192.0,3258,49.1311,-113.809
682,-204.0,3260,51.0667,-115.783
683,-232.0,3269,49.32,-113.684
684,-253.0,3286,51.0667,-115.75
685,-213.56,3288,49.3667,-114.517
686,-239.0,3294,50.9425,-115.19
687,-250.0,3301,53.9667,-115.417
688,-265.0,3305,54.8217,-113.54
689,-234.0,3312,54.7817,-112.825
690,-237.0,3318,54.0947,-114.448
691,-250.0,3327,53.35,-117.867
692,-285.0,3329,54.7222,-113.288
693,-300.0,3330,55.25,-113.183
694,-270.0,3331,54.1322,-114.678
695,-239.0,3347,54.3167,-113.95
696,-280.0,3348,54.6328,-113.914
697,-275.0,3357,53.595,-116.481
698,-215.0,3360,53.5803,-116.453
699,-250.0,3365,53.3667,-117.7
700,-238.0,3367,53.6,-114.983
701,-265.0,3374,54.35,-114.833
702,-328.0,3377,56.65,-111.217
703,-286.0,3379,56.6511,-111.213
704,-250.0,3392,53.795,-118.447
705,-240.0,3395,55.3958,-116.479
706,-220.0,3408,53.2333,-117.817
707,-243.0,3412,54.1139,-116.631
708,-312.0,3418,54.7667,-112.017
709,-207.0,3419,54.7689,-112.024
710,-282.0,3440,57.0411,-111.559
711,-270.0,3446,54.2333,-115.017
712,-252.0,3462,54.5,-111.7
713,-270.0,3468,53.8833,-115.25
714,-260.0,3482,53.85,-115.967
715,-243.0,3487,55.2964,-114.784
716,-284.0,3488,55.2833,-114.783
717,-291.0,3492,55.2931,-114.777
718,-285.0,3511,54.6667,-112.067
719,-271.0,3514,54.0667,-114.8
720,-246.0,3517,54.1397,-115.784
721,-252.0,3518,54.1439,-115.787
722,-325.0,3531,58.6272,-111.679
723,-212.0,3532,53.4038,-117.538
724,-223.0,3538,53.3856,-118.347
725,-274.0,3547,55.5781,-117.209
726,-220.89,3550,55.2,-119.4
727,-212.0,3554,55.1967,-119.396
728,-260.0,3596,55.1,-119.75
729,-315.0,3597,56.4833,-118.733
730,-236.0,3600,56.0814,-118.439
731,-360.0,3610,58.7667,-111.117
732,-278.0,3615,58.3823,-116.04
733,-296.0,3629,55.1797,-118.885
734,-270.0,3631,55.0167,-118.8
735,-341.0,3640,58.6214,-117.165
736,-320.0,3657,57.75,-117.617
737,-313.0,3674,56.9508,-117.644
738,-265.0,3677,56.9739,-117.451
739,-245.0,3691,56.3144,-119.745
740,-296.0,3697,56.2269,-117.447
741,-246.0,3716,56.552,-115.278
742,-280.0,3727,55.4539,-118.64
743,-260.0,3728,54.4247,-117.741
744,-229.0,3736,55.6947,-119.23
745,-253.27,3753,55.0667,-117.267
746,-226.0,3754,55.0981,-117.199
747,-300.0,3756,55.9667,-113.833
748,-315.0,3771,56.5333,-119.0
749,-300.0,3781,56.3333,-119.483
750,-265.0,3783,54.395,-116.82
751,-347.0,3785,58.7108,-113.866
752,-289.0,3789,54.4167,-110.283
753,-255.0,3799,49.6167,-104.733
754,-280.0,3801,50.8167,-102.217
755,-258.0,3809,49.45,-102.983
756,-214.0,3810,50.2006,-104.71
757,-259.0,3814,50.3681,-102.571
758,-265.0,3818,50.55,-105.383
759,-325.0,3831,51.5167,-101.783
760,-290.0,3834,50.85,-104.267
761,-260.0,3837,49.7333,-105.033
762,-280.0,3838,51.2667,-105.983
763,-260.0,3851,51.1833,-104.867
764,-278.0,3857,49.2167,-102.967
765,-280.0,3863,51.15,-103.067
766,-268.0,3864,49.3395,-101.448
767,-270.0,3880,49.8333,-102.867
768,-268.0,3884,51.0,-105.517
769,-293.0,3887,52.2667,-105.117
770,-250.0,3889,50.55,-103.65
771,-275.0,3894,51.2574,-103.753
772,-269.0,3897,50.2,-102.733
773,-240.0,3904,49.0667,-104.25
774,-285.0,3907,50.9,-101.717
775,-251.0,3908,51.4167,-105.25
776,-285.0,3913,52.0,-104.633
777,-290.0,3916,50.85,-103.767
778,-280.0,3917,51.1522,-103.889
779,-263.0,3927,49.8333,-101.517
780,-260.0,3930,49.3833,-103.3
781,-285.0,3932,50.25,-103.467
782,-217.0,3935,50.3317,-105.538
783,-275.0,3940,50.1333,-101.667
784,-280.0,3942,52.3333,-105.0
785,-280.0,3944,51.5167,-105.0
786,-265.0,3951,49.3167,-102.117
787,-265.0,3953,50.4667,-106.067
788,-280.0,3954,51.4032,-103.265
789,-300.0,3957,51.9833,-103.917
790,-265.0,3964,50.5667,-103.983
791,-260.0,3972,49.6,-101.717
792,-290.0,3974,50.4333,-104.667
793,-231.0,3990,50.4333,-104.667
794,-265.0,3995,50.4667,-101.55
795,-280.0,3998,50.9667,-102.267
796,-270.0,4002,51.1667,-104.4
797,-260.0,4016,50.8833,-106.3
798,-280.0,4022,50.45,-101.933
799,-270.0,4026,51.6667,-105.467
800,-265.0,4027,51.6667,-105.4
801,-205.0,4031,49.65,-103.833
802,-275.0,4033,50.35,-102.267
803,-285.0,4038,50.4333,-103.283
804,-228.0,4039,51.7667,-104.2
805,-260.0,4041,49.8167,-104.183
806,-300.0,4046,51.2667,-102.467
807,-285.0,4047,51.2,-102.233
808,-249.0,4052,51.7667,-104.2
809,-285.0,4053,50.6333,-104.4
810,-259.0,4056,49.7,-103.8
811,-245.0,4060,50.7,-108.783
812,-235.0,4063,49.7167,-107.3
813,-235.0,4065,49.7292,-105.946
814,-253.7,4066,50.832,-107.311
815,-260.0,4076,50.1333,-106.367
816,-235.0,4080,49.6667,-109.467
817,-245.0,4082,50.2833,-106.183
818,-241.0,4083,51.1333,-106.583
819,-260.0,4086,51.1667,-106.55
820,-255.0,4087,51.1333,-108.033
821,-250.0,4094,50.1833,-109.8
822,-256.08,4102,50.4667,-107.267
823,-260.0,4110,49.6667,-107.0
824,-262.0,4119,50.95,-107.15
825,-207.0,4122,49.9025,-109.466
826,-215.0,4124,50.0,-109.467
827,-250.0,4140,51.1539,-107.263
828,-225.0,4147,49.65,-108.417
829,-248.0,4149,50.6,-107.8
830,-266.0,4154,50.3,-107.683
831,-213.0,4157,50.2667,-107.733
832,-228.0,4158,50.05,-108.8
833,-241.0,4164,50.9095,-109.501
834,-230.0,4170,49.1333,-109.1
835,-250.0,4174,49.1167,-105.517
836,-231.0,4176,49.05,-105.483
837,-204.0,4177,49.6406,-109.514
838,-200.0,4181,49.4378,-108.989
839,-240.0,4187,49.2,-108.567
840,-184.0,4190,49.0992,-107.024
841,-204.0,4197,49.1678,-105.979
842,-230.0,4199,49.0,-108.383
843,-240.0,4200,49.37,-107.848
844,-244.0,4202,49.0583,-107.586
845,-260.0,4206,49.0,-106.383
846,-275.0,4212,52.7833,-109.9
847,-260.0,4216,51.2944,-108.407
848,-270.0,4217,52.0667,-107.983
849,-293.0,4218,53.45,-109.2
850,-290.0,4232,53.4422,-109.723
851,-270.0,4235,51.9717,-109.048
852,-275.0,4238,51.5167,-109.183
853,-290.0,4252,53.35,-108.033
854,-299.0,4254,52.7719,-108.256
855,-229.0,4256,52.7719,-108.256
856,-280.0,4263,51.6167,-108.017
857,-260.0,4265,51.5667,-107.917
858,-275.0,4266,52.5833,-107.85
859,-270.0,4272,52.3833,-109.4
860,-251.0,4273,52.3597,-108.835
861,-268.0,4274,52.3597,-108.835
862,-273.0,4276,52.3167,-107.767
863,-270.0,4284,52.2333,-109.2
864,-270.0,4285,53.1309,-109.404
865,-285.0,4297,52.8,-106.567
866,-270.0,4314,51.7333,-107.583
867,-301.53,4324,53.0167,-106.017
868,-258.0,4327,52.8167,-104.6
869,-270.78,4334,52.4167,-106.5
870,-226.0,4337,51.4833,-107.05
871,-288.0,4339,52.4167,-105.15
872,-309.0,4342,53.2167,-105.667
873,-300.0,4351,52.1667,-106.717
874,-304.0,4356,52.15,-106.55
875,-254.0,4363,52.15,-106.6
876,-198.0,4365,52.1167,-106.683
877,-310.0,4377,53.45,-105.25
878,-278.0,4380,52.3667,-107.017
879,-300.0,4382,54.3353,-109.626
880,-305.0,4390,55.8333,-108.433
881,-256.0,4391,55.8406,-108.421
882,-345.0,4395,58.0833,-104.483
883,-260.0,4396,58.3667,-109.517
884,-320.0,4399,58.19,-103.712
885,-335.0,4401,58.1833,-103.7
886,-280.0,4415,55.5333,-102.35
887,-272.0,4417,55.5333,-102.35
888,-283.0,4419,54.9083,-109.962
889,-355.0,4422,57.25,-105.617
890,-386.0,4424,57.25,-105.6
891,-274.0,4428,55.1464,-105.27
892,-322.0,4429,55.15,-105.267
893,-295.0,4433,54.05,-109.1
894,-306.0,4438,54.1333,-108.517
895,-314.0,4449,56.3333,-103.283
896,-277.0,4452,53.3667,-107.55
897,-377.0,4456,59.25,-105.833
898,-266.0,4459,53.9167,-106.067
899,-330.0,4461,56.2333,-103.15
900,-256.0,4465,54.1333,-108.517
901,-332.0,4466,59.5667,-108.483
902,-308.0,4467,53.2,-103.8
903,-316.0,4480,53.3333,-104.0
904,-320.0,4487,53.3667,-103.167
905,-300.0,4493,52.7553,-104.036
906,-260.0,4496,53.3333,-104.0
907,-319.0,4507,52.8167,-102.317
908,-238.0,4508,52.8833,-102.583
909,-241.0,4509,52.8167,-102.317
910,-300.0,4516,52.5833,-103.833
911,-290.0,4518,52.0833,-101.867
912,-289.4,4519,51.7333,-101.9
913,-260.0,4529,49.2764,-99.2924
914,-280.0,4534,50.5833,-101.267
915,-310.0,4537,51.5386,-101.391
916,-296.0,4538,49.91,-99.9519
917,-288.0,4540,49.8667,-99.9833
918,-280.0,4545,49.4667,-100.467
919,-267.0,4546,49.9058,-99.3574
920,-265.0,4552,49.55,-99.0833
921,-265.0,4565,49.9267,-101.203
922,-281.26,4570,50.1833,-100.6
923,-300.0,4584,50.2667,-99.8333
924,-283.0,4588,50.1,-100.633
925,-265.0,4590,49.1833,-101.267
926,-245.169999999998,4598,49.9031,-98.2841
927,-270.0,4606,51.1833,-101.363
928,-260.0,4614,49.45,-99.0167
929,-295.0,4616,50.5,-100.1
930,-289.0,4617,50.4549,-100.603
931,-290.0,4626,49.65,-100.25
932,-295.0,4629,50.4,-100.4
933,-270.0,4639,49.3,-100.317
934,-268.0,4642,49.8333,-100.95
935,-276.0,4645,50.655,-99.9419
936,-243.0,4650,49.2813,-100.986
937,-260.0,4656,49.1,-97.55
938,-260.0,4664,49.4333,-98.15
939,-207.0,4674,49.3998,-98.3192
940,-282.0,4682,49.0,-97.2375
941,-210.0,4687,49.65,-97.1167
942,-274.0,4693,49.0308,-97.56
943,-265.0,4700,49.1833,-99.65
944,-265.0,4709,50.0134,-97.8071
945,-195.0,4713,49.45,-98.25
946,-222.0,4717,49.1876,-98.0839
947,-265.0,4722,49.4,-97.7833
948,-260.0,4731,49.0,-100.05
949,-280.0,4736,49.95,-97.6
950,-262.0,4739,49.191,-98.9049
951,-260.0,4740,49.2,-98.9
952,-270.0,4742,49.0309,-96.0058
953,-255.0,4743,49.05,-97.8
954,-265.0,4744,49.6833,-98.55
955,-280.0,4754,49.6667,-96.6333
956,-275.0,4763,49.4617,-97.0136
957,-270.0,4765,50.1672,-96.8681
958,-270.0,4766,49.0667,-98.65
959,-256.0,4768,49.0236,-95.5983
960,-280.0,4770,49.7333,-97.6167
961,-280.0,4771,49.5333,-96.7667
962,-270.0,4774,50.1167,-97.1667
963,-260.0,4780,49.1333,-100.117
964,-297.0,4797,49.9167,-97.2333
965,-240.0,4811,49.8883,-97.1294
966,-280.0,4823,49.25,-96.5167
967,-242.0,4826,49.4981,-98.0297
968,-179.0,4832,49.9167,-97.2494
969,-295.0,4833,50.9333,-97.0833
970,-285.0,4836,50.0333,-96.4667
971,-290.0,4840,52.3597,-97.022
972,-294.46,4852,51.1,-97.55
973,-290.0,4853,51.0528,-97.5283
974,-270.0,4856,52.8186,-97.6164
975,-270.0,4857,51.0834,-97.5545
976,-290.0,4859,50.6333,-97.0167
977,-278.0,4861,50.6311,-96.9822
978,-237.0,4862,50.6333,-97.05
979,-294.0,4864,50.6333,-97.05
980,-290.0,4867,53.1581,-99.2833
981,-260.0,4868,50.4667,-96.0
982,-224.0,4869,50.5222,-95.9772
983,-305.0,4873,51.1861,-97.4651
984,-250.0,4875,49.6239,-95.1972
985,-291.0,4882,53.1864,-99.2678
986,-285.0,4885,50.1806,-96.0583
987,-277.0,4896,50.7,-96.5667
988,-280.0,4898,49.8167,-96.4833
989,-260.0,4899,50.1772,-96.0647
990,-293.0,4906,51.75,-99.9
991,-289.0,4914,51.1,-100.05
992,-248.0,4915,51.1004,-100.057
993,-258.0,4919,50.1826,-98.3822
994,-290.0,4930,51.1,-100.467
995,-290.0,4933,52.0333,-100.65
996,-270.0,4936,50.2167,-98.95
997,-270.0,4953,50.4,-98.55
998,-300.0,4956,50.75,-97.9333
999,-280.0,4963,52.6664,-101.098
1000,-290.0,4964,51.3167,-99.4833
1001,-270.0,4975,50.15,-99.5667
1002,-210.0,4976,50.2167,-99.4667
1003,-260.0,4980,51.0667,-99.7833
1004,-270.0,4984,51.8,-100.567
1005,-290.0,4988,51.4333,-99.7333
1006,-280.0,4994,51.45,-98.8
1007,-292.37,4995,52.05,-101.217
1008,-273.0,4998,50.9167,-98.75
1009,-235.0,4999,50.7119,-99.53
1010,-282.0,5005,50.4995,-98.0367
1011,-262.0,5006,52.115,-101.233
1012,-319.0,5008,54.6833,-101.683
1013,-288.0,5009,54.7667,-101.883
1014,-320.0,5010,54.6833,-101.683
1015,-300.5,5016,53.7167,-101.533
1016,-314.0,5019,53.9667,-101.1
1017,-252.0,5022,53.9667,-101.1
1018,-368.0,5029,58.7392,-94.0664
1019,-304.0,5034,58.7333,-94.0667
1020,-310.0,5036,54.6167,-97.7667
1021,-305.0,5038,54.5397,-98.0303
1022,-348.0,5040,56.3589,-94.7042
1023,-350.0,5042,56.3575,-94.7106
1024,-336.0,5048,53.85,-94.65
1025,-327.0,5050,56.0375,-96.5097
1026,-364.0,5060,56.8639,-101.076
1027,-350.0,5088,58.7158,-98.5017
1028,-357.0,5090,55.8033,-97.8625
1029,-343.0,5093,55.752,-97.8661
1030,-342.0,5101,53.95,-97.85
1031,-300.0,5102,54.0,-97.8
1032,-343.0,5107,53.8156,-89.8956
1033,-243.0,5112,50.6306,-93.2214
1034,-301.0,5119,52.1961,-87.9361
1035,-333.0,5123,54.9833,-85.4333
1036,-261.0,5125,51.4492,-90.2178
1037,-302.0,5126,51.4464,-90.2142
1038,-296.0,5133,51.0669,-93.7931
1039,-270.0,5145,48.6333,-93.9667
1040,-250.0,5147,48.7611,-91.6281
1041,-220.0,5154,48.65,-93.4333
1042,-270.0,5158,48.7667,-92.6167
1043,-265.0,5161,48.7167,-94.5333
1044,-280.0,5169,48.6833,-93.8333
1045,-280.0,5172,49.8333,-92.75
1046,-279.0,5173,49.8317,-92.7442
1047,-281.0,5183,49.7903,-94.3653
1048,-230.0,5190,49.65,-93.7167
1049,-295.0,5196,50.1167,-91.9
1050,-288.0,5211,50.2936,-88.9053
1051,-224.0,5221,49.1539,-88.3447
1052,-130.0,5224,47.3333,-85.8333
1053,-312.0,5230,49.7828,-86.9306
1054,-275.0,5236,48.35,-89.6833
1055,-270.95,5239,48.7,-85.8833
1056,-222.0,5278,48.5883,-86.2947
1057,-165.0,5280,48.6,-86.3
1058,-250.0,5293,48.8,-87.1
1059,-245.0,5294,48.8167,-87.1
1060,-278.0,5298,48.3694,-89.3272
1061,-228.0,5300,48.3667,-89.3167
1062,-240.0,5301,48.4139,-89.2782
1063,-207.0,5302,48.3694,-89.3272
1064,-250.0,5304,48.2333,-89.5167
1065,-249.0,5308,49.0333,-90.4667
1066,-270.0,5313,48.2833,-89.9167
1067,-187.0,5330,46.3514,-82.5614
1068,-185.0,5356,46.5333,-84.3333
1069,-198.0,5358,46.4833,-84.5094
1070,-256.0,5371,47.9667,-84.7833
1071,-206.0,5372,45.9667,-81.4833
1072,-262.0,5379,47.82,-83.3467
1073,-225.0,5391,46.1931,-82.0247
1074,-235.0,5395,46.1425,-80.307
1075,-241.0,5404,46.6256,-80.7978
1076,-268.0,5412,46.4333,-80.3167
1077,-295.0,5414,49.3833,-82.1236
1078,-260.0,5420,47.695,-79.8489
1079,-271.0,5421,47.7,-79.85
1080,-243.0,5433,49.4,-82.4333
1081,-301.0,5434,49.4139,-82.4675
1082,-260.0,5437,49.4064,-82.4436
1083,-243.0,5440,48.15,-80.0
1084,-285.0,5450,51.2667,-80.65
1085,-327.0,5451,51.2914,-80.6075
1086,-265.0,5453,51.2917,-80.6181
1087,-259.0,5455,49.7468,-84.1637
1088,-235.0,5461,48.4667,-81.2667
1089,-287.0,5468,48.5697,-81.3767
1090,-230.0,5484,45.3833,-78.9
1091,-255.0,5489,45.5,-77.9833
1092,-237.0,5494,46.3636,-79.4228
1093,-212.0,5507,45.8833,-82.5667
1094,-167.0,5510,45.6333,-82.95
1095,-190.0,5515,45.69,-81.982
1096,-150.0,5523,45.1858,-76.1128
1097,-220.0,5526,45.4167,-76.3667
1098,-210.0,5530,45.17,-74.9708
1099,-120.0,5539,44.6,-75.6667
1100,-213.0,5543,45.15,-76.2
1101,-215.0,5546,46.05,-77.3667
1102,-220.0,5555,45.3667,-77.6167
1103,-125.0,5558,45.0156,-74.7489
1104,-225.0,5568,45.3167,-74.4667
1105,-188.0,5582,44.3333,-76.5
1106,-200.0,5588,44.5667,-76.6333
1107,-200.0,5589,45.0322,-76.2528
1108,-181.0,5591,44.4167,-75.85
1109,-170.0,5593,44.4281,-76.6903
1110,-172.0,5598,45.0,-75.6333
1111,-85.0,5609,44.2439,-76.4806
1112,-190.0,5618,44.5167,-76.0833
1113,-205.0,5633,44.9236,-75.1883
1114,-200.0,5640,45.0008,-75.3653
1115,-218.0,5641,44.9742,-76.8561
1116,-195.0,5642,45.0536,-76.7839
1117,-153.0,5650,45.3833,-75.7167
1118,-159.0,5651,45.3833,-75.7167
1119,-213.0,5655,45.3225,-75.6692
1120,-248.0,5676,45.95,-77.3167
1121,-200.0,5700,45.2628,-75.3595
1122,-215.0,5701,45.2872,-75.0636
1123,-165.0,5704,44.1333,-76.8833
1124,-170.0,5724,45.8833,-77.25
1125,-155.0,5728,44.1514,-79.8722
1126,-170.0,5734,44.267,-79.3189
1127,-98.0,5739,44.3758,-79.6897
1128,-230.0,5741,45.1333,-79.4
1129,-168.0,5742,45.1403,-79.4028
1130,-191.0,5743,44.85,-79.8667
1131,-163.0,5765,44.395,-80.9056
1132,-180.0,5768,44.6311,-79.5389
1133,-121.0,5769,44.5,-80.2167
1134,-185.0,5774,44.2067,-79.6947
1135,-140.0,5777,45.2167,-78.9333
1136,-230.0,5778,45.6167,-79.8833
1137,-155.0,5779,44.1833,-80.8167
1138,-180.0,5782,44.35,-79.8167
1139,-165.0,5789,44.1164,-81.0058
1140,-220.0,5798,45.35,-79.1667
1141,-177.0,5805,44.5472,-79.2167
1142,-175.0,5814,44.7578,-79.8753
1143,-180.0,5815,44.6833,-79.9333
1144,-195.0,5817,44.6333,-79.6667
1145,-212.0,5819,44.9667,-79.3
1146,-135.0,5826,44.6028,-79.4389
1147,-78.0,5832,44.5833,-80.9333
1148,-171.0,5838,45.3442,-80.0442
1149,-190.0,5841,45.335,-80.0264
1150,-175.0,5844,44.25,-80.4667
1151,-233.0,5845,46.1167,-79.25
1152,-180.0,5849,44.1667,-80.5167
1153,-208.64,5853,45.3539,-79.2703
1154,-170.0,5856,44.4667,-80.6333
1155,-170.0,5861,44.3995,-79.6328
1156,-154.0,5862,44.4833,-79.55
1157,-170.0,5881,44.2625,-79.1614
1158,-140.33,5886,44.5167,-80.7333
1159,-155.0,5897,44.7458,-81.1072
1160,-159.44,5898,44.1553,-80.7595
1161,-170.0,5903,44.2722,-79.9117
1162,-162.0,5907,44.2333,-79.7833
1163,-148.0,5909,44.5736,-80.4853
1164,-133.0,5911,44.2333,-79.7833
1165,-150.0,5917,43.7183,-81.3836
1166,-140.0,5928,45.2333,-81.5333
1167,-120.0,5929,43.3667,-81.6167
1168,-162.0,5931,45.3333,-81.7333
1169,-140.0,5934,43.35,-81.5
1170,-200.0,5940,43.7667,-81.7167
1171,-150.0,5950,43.0939,-81.5733
1172,-120.0,5951,44.1728,-81.6233
1173,-135.0,5962,42.8564,-82.0486
1174,-130.0,5963,42.8833,-82.1667
1175,-121.0,5970,42.9922,-82.3047
1176,-100.0,5972,43.0,-82.3
1177,-160.0,5980,44.5195,-81.157
1178,-120.0,5991,43.1756,-81.8558
1179,-105.0,5992,42.1034,-83.0945
1180,-120.0,5994,42.7667,-80.9833
1181,-123.0,5997,42.3,-82.7
1182,-55.0,6008,42.39,-82.2153
1183,-116.0,6014,42.8667,-80.55
1184,-120.0,6026,42.8833,-78.9667
1185,-116.0,6031,43.1836,-79.5583
1186,-130.0,6034,42.9667,-80.0667
1187,-108.0,6037,42.0333,-82.9
1188,-110.0,6040,42.0431,-82.6739
1189,-132.0,6047,42.5333,-80.05
1190,-125.0,6050,42.5145,-81.6361
1191,-116.0,6053,43.1333,-79.05
1192,-80.0,6069,42.8833,-79.25
1193,-200.0,6076,43.25,-79.2167
1194,-134.0,6082,42.45,-81.8833
1195,-101.0,6083,42.45,-81.8833
1196,-120.0,6084,43.0417,-79.325
1197,-122.0,6088,43.2,-79.1667
1198,-120.0,6092,43.1167,-79.25
1199,-63.0,6095,42.7683,-81.205
1200,-135.0,6109,42.8606,-80.7406
1201,-107.61,6112,43.15,-79.4167
1202,-113.0,6114,43.1667,-79.4167
1203,-100.0,6117,43.1833,-79.4
1204,-130.0,6125,42.9925,-79.2611
1205,-100.0,6127,42.9667,-79.3333
1206,-105.0,6129,42.3333,-82.9333
1207,-132.0,6130,42.2756,-82.9556
1208,-121.0,6137,42.2167,-82.7333
1209,-123.67,6138,42.0333,-82.9
1210,-130.0,6139,42.8667,-79.25
1211,-123.0,6141,42.2501,-81.9001
1212,-136.0,6143,41.9486,-82.5189
1213,-100.0,6155,43.1333,-80.2333
1214,-140.0,6168,42.8895,-80.8467
1215,-135.0,6178,43.65,-80.4167
1216,-110.0,6182,43.7347,-80.3303
1217,-160.0,6183,43.7017,-80.3789
1218,-135.0,6184,43.0184,-80.7808
1219,-160.0,6187,43.6839,-80.7103
1220,-96.0,6198,43.55,-80.2167
1221,-140.0,6203,43.05,-81.4333
1222,-138.0,6216,43.0331,-81.1511
1223,-122.0,6217,43.0333,-81.15
1224,-133.0,6234,43.9833,-80.75
1225,-150.0,6248,43.3536,-80.4736
1226,-160.0,6249,44.2333,-80.1333
1227,-150.0,6252,43.7095,-80.4697
1228,-100.0,6256,43.3689,-81.0047
1229,-135.0,6259,42.9806,-81.6428
1230,-137.0,6266,43.45,-80.3833
1231,-170.0,6267,43.4589,-80.3775
1232,-95.0,6271,43.1361,-80.7706
1233,-97.0,6274,43.65,-80.4167
1234,-160.0,6277,43.5833,-80.9
1235,-145.0,6279,43.1833,-80.05
1236,-90.0,6290,44.1506,-77.3947
1237,-169.44,6293,44.1,-78.8333
1238,-80.0,6298,43.9167,-78.6667
1239,-163.0,6302,44.0333,-79.6
1240,-100.0,6314,44.0333,-78.8
1241,-135.0,6319,43.3,-79.8
1242,-170.0,6326,44.05,-78.2167
1243,-180.0,6335,44.4034,-76.9078
1244,-131.0,6341,43.95,-78.1667
1245,-145.0,6343,43.9667,-78.1833
1246,-150.0,6352,44.1,-76.85
1247,-150.0,6362,43.64,-79.8792
1248,-141.0,6373,43.1717,-79.9342
1249,-115.0,6379,43.2917,-79.9083
1250,-175.0,6393,44.2167,-78.6333
1251,-180.0,6394,44.6478,-77.1172
1252,-160.0,6398,44.0167,-79.5167
1253,-140.0,6417,43.1167,-80.0333
1254,-145.0,6420,43.3167,-79.9667
1255,-120.0,6436,43.9184,-80.0864
1256,-80.0,6444,43.8667,-78.8333
1257,-115.0,6446,43.4281,-79.697
1258,-200.0,6499,43.8333,-77.15
1259,-145.0,6508,43.8772,-79.4478
1260,-53.0,6538,43.6667,-79.4
1261,-109.0,6540,43.6667,-79.4
1262,-140.0,6582,43.6286,-79.395
1263,-147.0,6592,43.6772,-79.6306
1264,-123.0,6600,43.6967,-79.3386
1265,-174.0,6626,44.1167,-77.5333
1266,-165.0,6634,44.0167,-78.7333
1267,-155.0,6648,43.7833,-79.6
1268,-170.0,6649,44.2006,-77.7178
1269,-150.0,6655,44.052,-77.3017
1270,-163.0,6658,43.8622,-79.37
1271,-135.0,6662,43.4833,-79.6333
1272,-175.0,6663,44.2333,-76.9667
1273,-98.0,6665,43.78,-79.4678
1274,-175.0,6687,45.0322,-78.5311
1275,-185.0,6696,44.3384,-78.7403
1276,-210.0,6699,44.9333,-78.7167
1277,-182.0,6707,44.2333,-78.3667
1278,-185.0,6713,44.2333,-78.3167
1279,-175.0,6714,44.3667,-78.3
1280,-147.0,6715,44.35,-78.3
1281,-200.0,6725,45.0714,-77.8789
1282,-185.0,6732,46.8369,-71.1972
1283,-200.0,6743,45.3167,-74.1667
1284,-165.0,6746,46.6667,-71.9167
1285,-246.0,6747,46.6908,-71.9717
1286,-215.0,6750,46.6833,-71.7333
1287,-250.0,6753,46.6667,-72.6
1288,-150.0,6759,46.0167,-73.4333
1289,-202.0,6766,45.8094,-73.4347
1290,-200.0,6768,45.3,-74.05
1291,-228.5,6772,46.2667,-73.0167
1292,-190.0,6773,45.75,-73.6
1293,-158.0,6777,45.5,-74.0667
1294,-271.0,6778,47.5622,-71.2289
1295,-220.0,6784,45.5,-74.3667
1296,-240.0,6788,46.9833,-71.8333
1297,-170.0,6789,46.7167,-72.0833
1298,-235.0,6790,46.5333,-73.15
1299,-230.0,6791,46.5833,-72.2333
1300,-173.0,6793,46.2,-73.6
1301,-230.0,6796,46.35,-73.35
1302,-245.0,6798,46.8167,-71.9167
1303,-260.0,6800,46.2833,-73.75
1304,-180.0,6801,46.3167,-74.2
1305,-220.0,6806,45.95,-73.5833
1306,-230.0,6814,46.5333,-72.4333
1307,-210.0,6818,45.65,-73.8833
1308,-223.0,6826,46.5633,-72.7333
1309,-193.0,6830,46.3536,-72.5161
1310,-165.0,6843,46.3833,-72.6167
1311,-243.0,6846,46.8667,-72.4
1312,-218.0,6848,46.1833,-72.9167
1313,-194.0,6849,46.7803,-71.2875
1314,-223.0,6850,46.3036,-72.0608
1315,-200.0,6851,46.8036,-71.3817
1316,-170.0,6854,46.0167,-71.95
1317,-205.0,6857,45.65,-73.7333
1318,-220.0,6861,46.6667,-71.1667
1319,-213.0,6868,45.4,-72.2667
1320,-160.0,6871,45.1833,-72.5667
1321,-215.0,6873,45.4833,-71.95
1322,-200.0,6886,45.15,-71.8
1323,-165.0,6893,45.8167,-71.9833
1324,-145.0,6896,45.8833,-72.4833
1325,-210.0,6906,45.3,-72.9
1326,-208.0,6909,45.8,-73.0
1327,-178.0,6910,46.4833,-72.05
1328,-191.0,6913,45.0333,-72.85
1329,-175.0,6917,45.1333,-72.2333
1330,-145.0,6918,45.3833,-72.7167
1331,-200.0,6923,45.0667,-73.7167
1332,-195.0,6927,45.3333,-73.25
1333,-212.0,6929,45.7231,-73.3767
1334,-165.0,6939,45.6,-70.8667
1335,-195.0,6944,45.3833,-73.4333
1336,-220.0,6947,46.3333,-71.6667
1337,-170.0,6948,46.8167,-71.1
1338,-194.0,6952,45.3689,-71.8236
1339,-225.0,6953,45.6333,-71.3667
1340,-200.0,6956,45.2667,-72.1167
1341,-205.0,6961,45.4,-73.1333
1342,-176.0,6963,45.5047,-73.5792
1343,-220.0,6967,45.5833,-71.1167
1344,-222.0,6972,45.3118,-72.2407
1345,-208.0,6974,45.4667,-73.75
1346,-207.0,6976,45.6347,-73.5531
1347,-150.0,6987,46.2,-72.6167
1348,-218.0,6988,46.2258,-72.6572
1349,-200.0,6990,45.4,-71.0833
1350,-140.0,6991,45.1167,-74.05
1351,-185.0,6993,45.0333,-73.0833
1352,-215.0,6995,46.0833,-72.8333
1353,-215.0,7003,45.6333,-72.1333
1354,-190.0,7004,45.7,-73.5
1355,-190.0,7009,45.2167,-73.2
1356,-200.0,7013,45.6667,-73.3
1357,-185.0,7014,45.1333,-74.35
1358,-184.0,7018,45.0833,-73.3833
1359,-185.0,7022,45.1672,-73.6789
1360,-240.0,7026,46.05,-70.5167
1361,-170.0,7032,46.0667,-70.9667
1362,-170.0,7033,46.1,-71.5833
1363,-175.0,7034,46.4833,-71.5667
1364,-180.0,7039,45.5,-73.85
1365,-175.0,7040,46.15,-70.7
1366,-165.0,7041,45.8833,-72.7667
1367,-216.0,7045,45.5167,-73.4167
1368,-210.0,7049,45.5667,-72.9167
1369,-220.0,7060,45.75,-70.6833
1370,-153.26,7061,45.6167,-73.1333
1371,-215.0,7062,45.2,-71.5
1372,-195.0,7063,45.2167,-73.85
1373,-220.0,7067,45.7333,-72.6167
1374,-168.0,7070,46.25,-71.2167
1375,-245.0,7071,46.2167,-70.5
1376,-170.0,7076,45.7667,-70.95
1377,-210.0,7078,46.3333,-71.05
1378,-170.0,7081,45.9333,-70.4833
1379,-230.0,7084,46.1667,-72.3333
1380,-148.0,7088,45.3667,-71.5333
1381,-220.0,7089,46.5,-71.0833
1382,-246.0,7093,45.4333,-71.6833
1383,-193.0,7096,46.0333,-73.1167
1384,-193.0,7102,45.0667,-72.6833
1385,-170.0,7106,46.1,-71.35
1386,-173.0,7107,46.0492,-71.2661
1387,-160.0,7110,46.3833,-70.9333
1388,-140.0,7111,45.2833,-74.1
1389,-190.0,7114,45.7667,-73.3667
1390,-211.0,7116,46.205,-70.785
1391,-200.0,7128,45.4272,-73.9292
1392,-188.0,7129,45.1208,-74.2894
1393,-233.0,7130,45.6667,-71.7333
1394,-198.0,7137,45.2939,-73.3494
1395,-136.0,7139,45.4678,-73.7417
1396,-168.0,7140,45.55,-75.55
1397,-235.0,7141,45.95,-74.6167
1398,-235.0,7150,45.6833,-76.4333
1399,-210.0,7152,45.5167,-75.7833
1400,-163.0,7153,45.9,-75.0833
1401,-211.0,7164,45.8394,-75.6481
1402,-200.0,7166,45.65,-74.3333
1403,-260.0,7171,46.3667,-74.7667
1404,-225.0,7177,45.5333,-76.05
1405,-217.0,7181,46.2747,-75.9919
1406,-205.0,7185,45.7,-74.9333
1407,-245.0,7188,46.5667,-75.55
1408,-238.0,7189,45.6667,-74.0333
1409,-190.0,7191,46.4,-75.0833
1410,-230.0,7192,45.8,-74.9833
1411,-210.0,7196,45.65,-74.8
1412,-280.0,7201,46.85,-75.3333
1413,-235.0,7204,45.9833,-74.0
1414,-143.0,7205,45.8,-74.05
1415,-150.0,7207,45.6167,-76.4667
1416,-238.0,7209,45.9667,-77.25
1417,-240.0,7216,46.0667,-76.05
1418,-228.0,7219,46.0803,-74.5558
1419,-260.0,7220,49.1333,-68.2
1420,-138.0,7224,47.4167,-70.5
1421,-235.0,7230,51.45,-57.1833
1422,-255.0,7236,50.2833,-62.8
1423,-203.0,7238,50.1631,-60.0617
1424,-232.0,7242,47.2842,-70.6375
1425,-210.0,7243,46.9667,-71.0333
1426,-190.0,7244,50.465,-59.6394
1427,-196.0,7250,47.0786,-70.7808
1428,-158.0,7254,47.3167,-71.15
1429,-215.0,7255,47.3228,-71.1483
1430,-240.0,7259,49.3167,-67.6167
1431,-210.0,7260,48.25,-69.5167
1432,-256.0,7266,50.2833,-63.6
1433,-205.0,7275,50.2208,-64.2072
1434,-181.0,7276,48.0689,-69.5556
1435,-230.0,7279,49.1167,-68.3833
1436,-215.0,7282,50.2714,-64.2264
1437,-250.0,7296,50.1833,-61.8167
1438,-170.0,7300,49.7333,-67.1667
1439,-195.0,7301,47.3167,-70.5667
1440,-250.0,7302,48.1833,-70.05
1441,-181.0,7303,48.1356,-69.7164
1442,-232.0,7305,48.2603,-70.1144
1443,-269.02,7322,48.4,-70.5333
1444,-218.0,7323,47.85,-69.8667
1445,-235.03,7325,47.5667,-70.55
1446,-273.0,7326,50.2167,-66.2667
1447,-200.0,7329,50.2167,-66.25
1448,-227.19,7331,48.15,-69.7
1449,-278.0,7338,51.8672,-63.2836
1450,-200.0,7339,47.3833,-70.3833
1451,-195.0,7343,49.3167,-67.3811
1452,-230.0,7344,50.2833,-64.7833
1453,-170.0,7347,47.6,-70.4
1454,-189.0,7352,50.1625,-66.4339
1455,-235.0,7353,49.2592,-68.1458
1456,-216.0,7358,48.4719,-67.4347
1457,-225.0,7375,48.7,-67.8333
1458,-172.0,7379,48.4194,-64.3169
1459,-180.0,7380,48.85,-64.2
1460,-210.0,7382,48.1,-65.6833
1461,-164.0,7384,49.2508,-65.3247
1462,-250.0,7388,48.3667,-67.2333
1463,-224.0,7399,48.7769,-64.4781
1464,-146.0,7407,49.0853,-61.7006
1465,-220.0,7408,46.6833,-70.85
1466,-200.0,7412,48.2833,-67.5667
1467,-245.0,7413,48.1333,-66.7
1468,-121.0,7415,47.4253,-61.7747
1469,-185.0,7417,47.3558,-70.0319
1470,-215.0,7426,48.6,-68.2167
1471,-210.0,7431,46.9667,-70.5833
1472,-184.0,7434,48.0119,-65.3317
1473,-150.0,7437,47.6,-68.8
1474,-135.0,7439,48.1,-66.3
1475,-183.0,7447,48.5139,-68.4683
1476,-157.0,7452,49.8386,-64.2933
1477,-154.92,7454,48.45,-68.5167
1478,-189.0,7458,47.8058,-69.5486
1479,-165.0,7461,47.9833,-67.0667
1480,-205.0,7462,49.1333,-66.4667
1481,-210.0,7464,47.95,-69.3833
1482,-230.0,7466,46.4833,-70.2167
1483,-250.0,7468,47.9167,-69.1
1484,-170.0,7475,46.4167,-70.4667
1485,-240.0,7476,48.05,-68.8167
1486,-183.0,7478,48.8833,-67.1167
1487,-260.0,7479,46.7333,-70.0167
1488,-210.0,7482,46.8667,-70.8833
1489,-243.0,7485,46.9667,-69.7833
1490,-260.0,7492,47.5667,-68.6333
1491,-245.0,7495,48.1333,-68.4833
1492,-210.0,7496,48.15,-69.1167
1493,-144.0,7501,47.4167,-61.7833
1494,-250.0,7506,48.25,-68.7833
1495,-198.0,7507,48.4156,-68.8928
1496,-192.0,7510,49.1092,-66.6544
1497,-258.0,7514,48.3333,-71.0
1498,-330.0,7518,50.7333,-71.05
1499,-335.0,7519,50.7289,-71.0131
1500,-332.73,7538,49.0667,-72.6
1501,-204.0,7540,48.425,-71.1425
1502,-275.0,7542,48.2167,-72.1667
1503,-210.0,7547,48.4167,-71.75
1504,-276.0,7549,48.3072,-71.1292
1505,-266.0,7554,48.5983,-71.7158
1506,-249.0,7557,48.8417,-72.5469
1507,-267.0,7560,48.8942,-71.0317
1508,-300.0,7562,48.7667,-72.0333
1509,-279.0,7567,48.5167,-72.2667
1510,-300.0,7571,48.5667,-71.3333
1511,-280.0,7576,48.6167,-72.4167
1512,-377.0,7584,51.5325,-71.1108
1513,-345.0,7585,50.6564,-70.5319
1514,-274.0,7587,48.2981,-70.9195
1515,-195.0,7599,47.1,-72.9333
1516,-170.0,7602,47.4,-72.7833
1517,-238.0,7610,47.9222,-74.6242
1518,-190.0,7613,46.6833,-73.9167
1519,-246.0,7616,47.4111,-72.7875
1520,-235.0,7619,47.5519,-79.2358
1521,-194.0,7620,46.7097,-79.1011
1522,-310.0,7621,47.3833,-78.7
1523,-295.0,7631,48.4167,-78.7333
1524,-240.0,7636,46.2,-77.7
1525,-305.0,7640,47.7167,-79.2333
1526,-265.0,7643,48.2458,-79.0342
1527,-270.0,7648,47.35,-79.4333
1528,-190.0,7654,48.5667,-78.1333
1529,-314.0,7661,49.8225,-74.9753
1530,-303.18,7662,49.7833,-74.85
1531,-320.0,7663,49.7667,-74.5333
1532,-313.0,7666,49.7667,-74.5333
1533,-328.0,7689,53.6333,-77.7
1534,-320.0,7694,53.7572,-73.6786
1535,-300.0,7697,48.6167,-77.6167
1536,-300.0,7700,49.05,-76.9667
1537,-299.0,7702,49.7578,-77.7931
1538,-330.0,7730,48.6667,-78.7
1539,-291.0,7732,48.0564,-77.7867
1540,-330.0,7736,48.9833,-79.1333
1541,-310.0,7748,48.8,-78.2833
1542,-338.0,7762,58.4719,-78.0769
1543,-336.0,7766,55.2833,-77.75
1544,-349.0,7792,58.1,-68.4167
1545,-351.0,7804,54.8,-66.8167
1546,-210.0,7811,45.9903,-66.3633
1547,-170.0,7813,45.6,-64.95
1548,-235.0,7814,46.7122,-67.7156
1549,-165.0,7818,47.8022,-64.8333
1550,-205.0,7822,47.6292,-65.7483
1551,-126.99,7827,47.9,-65.8333
1552,-180.0,7829,47.75,-65.0667
1553,-213.22,7833,46.6508,-67.5845
1554,-190.0,7836,46.5167,-64.7167
1555,-151.0,7838,46.4303,-64.7681
1556,-233.0,7848,47.9833,-66.3333
1557,-168.0,7849,47.99,-66.3342
1558,-149.0,7851,47.0094,-65.465
1559,-210.0,7853,47.0095,-65.4678
1560,-150.0,7860,45.15,-66.2
1561,-212.88,7865,46.5525,-66.1403
1562,-200.0,7872,47.4167,-68.3245
1563,-213.0,7874,45.8721,-66.5279
1564,-174.0,7876,45.9642,-66.6547
1565,-144.0,7877,45.9203,-66.6089
1566,-168.0,7879,45.6,-64.95
1567,-191.0,7881,45.8389,-66.4497
1568,-180.0,7882,45.7833,-66.15
1569,-127.0,7888,44.7121,-66.8019
1570,-210.0,7893,46.5,-65.2667
1571,-185.0,7899,47.75,-64.7667
1572,-175.0,7901,46.0,-65.3167
1573,-194.26,7905,45.6,-66.5667
1574,-235.0,7906,46.55,-67.1667
1575,-197.0,7914,46.7833,-65.0167
1576,-208.0,7921,45.9544,-66.8986
1577,-210.0,7924,46.1833,-67.2333
1578,-141.0,7929,45.6936,-65.165
1579,-149.0,7933,48.0089,-64.4942
1580,-175.0,7934,46.1014,-64.7903
1581,-189.0,7935,46.1053,-64.6838
1582,-240.0,7938,47.4167,-66.9333
1583,-180.0,7942,45.4667,-65.9
1584,-220.0,7943,47.4,-65.7833
1585,-260.0,7945,47.2333,-67.15
1586,-180.0,7950,45.8667,-65.0667
1587,-170.0,7951,45.1,-66.7333
1588,-160.0,7962,45.0731,-66.4492
1589,-185.0,7966,46.6667,-64.8667
1590,-165.0,7975,45.85,-64.3833
1591,-198.0,7984,45.3181,-65.8856
1592,-225.0,7991,47.1578,-67.8319
1593,-153.0,7994,45.2102,-67.2529
1594,-230.0,8003,47.5833,-65.9
1595,-180.0,8006,45.7167,-65.5333
1596,-190.0,8015,46.0,-64.9
1597,-220.0,8019,47.4556,-66.4153
1598,-214.0,8025,45.6667,-65.15
1599,-210.0,8026,46.1703,-67.5536
1600,-245.0,8029,47.3464,-68.1878
1601,-233.0,8032,47.1578,-67.8319
1602,-199.14,8033,45.9167,-65.8167
1603,-140.0,8035,44.65,-66.8333
1604,-125.0,8040,44.75,-65.5167
1605,-140.0,8048,45.0167,-64.1167
1606,-145.0,8053,46.1,-60.75
1607,-120.0,8054,46.1,-60.75
1608,-120.0,8060,44.8167,-62.3333
1609,-147.67,8066,45.0833,-64.7333
1610,-150.0,8073,44.4,-64.55
1611,-76.0,8074,44.2858,-66.3467
1612,-130.0,8084,45.7667,-62.6833
1613,-90.0,8086,43.5833,-65.7833
1614,-150.0,8090,46.65,-60.95
1615,-137.0,8091,46.645,-60.9472
1616,-155.0,8099,45.4833,-62.0167
1617,-170.0,8105,45.4167,-63.4167
1618,-123.0,8106,45.4167,-63.4667
1619,-110.0,8108,45.2164,-61.1778
1620,-142.35,8120,44.6333,-64.6667
1621,-160.0,8128,45.4167,-63.6167
1622,-146.0,8129,44.9833,-64.9167
1623,-120.0,8133,44.65,-63.5833
1624,-161.0,8136,44.88,-63.5
1625,-114.0,8143,45.35,-60.9833
1626,-83.0,8150,46.65,-60.4
1627,-129.0,8151,46.6628,-60.4064
1628,-90.0,8152,46.2,-61.3
1629,-190.0,8154,45.5833,-63.8333
1630,-114.0,8157,44.4031,-65.2031
1631,-129.0,8161,45.0667,-64.4833
1632,-130.0,8164,44.7167,-63.4833
1633,-133.0,8171,44.1333,-64.9333
1634,-130.0,8176,45.9,-60.0
1635,-150.0,8184,45.6583,-62.7967
1636,-150.0,8185,46.0667,-61.3833
1637,-170.0,8189,45.7833,-63.2833
1638,-155.76,8190,44.9833,-62.4833
1639,-158.0,8193,46.3333,-61.1
1640,-170.0,8202,45.7667,-63.5667
1641,-160.0,8204,45.0667,-63.1
1642,-160.0,8210,44.9,-63.8333
1643,-170.0,8211,45.7667,-64.25
1644,-126.0,8212,45.7596,-64.2414
1645,-118.0,8227,45.2331,-63.0553
1646,-150.0,8232,45.4,-64.3333
1647,-119.0,8233,45.4133,-64.3461
1648,-140.0,8240,44.7667,-63.8333
1649,-126.22,8242,46.3167,-60.3333
1650,-150.0,8247,45.65,-61.3833
1651,-160.0,8254,45.8433,-63.6553
1652,-85.0,8262,43.9322,-60.0094
1653,-153.0,8268,44.7,-63.9
1654,-125.0,8270,47.2328,-60.1444
1655,-150.0,8271,44.9333,-64.0333
1656,-139.0,8278,44.6333,-63.5
1657,-131.0,8279,44.6364,-63.5067
1658,-143.0,8289,45.0167,-64.6833
1659,-147.0,8291,45.6167,-61.9
1660,-145.0,8292,44.6667,-64.85
1661,-159.08,8301,45.1433,-61.9825
1662,-140.0,8303,45.1167,-64.1833
1663,-146.0,8306,46.1667,-60.0481
1664,-100.0,8308,46.1633,-60.0417
1665,-170.0,8310,45.6833,-63.2333
1666,-102.0,8313,45.6084,-61.6797
1667,-150.0,8317,45.3667,-63.2667
1668,-195.0,8318,45.3667,-63.2667
1669,-170.0,8322,45.2167,-63.0
1670,-140.0,8324,45.05,-64.65
1671,-113.0,8330,43.99,-64.6642
1672,-145.0,8341,44.9333,-64.1667
1673,-145.0,8343,46.5333,-60.45
1674,-116.0,8348,43.8308,-66.0886
1675,-170.0,8352,46.85,-64.0167
1676,-140.0,8354,46.0667,-62.6
1677,-175.0,8357,46.35,-62.6833
1678,-173.0,8361,46.2886,-63.1286
1679,-129.0,8364,46.25,-63.1333
1680,-155.0,8367,46.4333,-62.1667
1681,-130.0,8368,46.46,-61.9883
1682,-150.0,8370,46.25,-63.3333
1683,-155.0,8378,46.4667,-62.4667
1684,-165.0,8381,46.4089,-63.3503
1685,-170.0,8383,46.5,-63.55
1686,-140.0,8386,47.0581,-63.9986
1687,-170.0,8387,46.7003,-64.2617
1688,-106.0,8390,46.4503,-62.5758
1689,-112.0,8394,46.4164,-63.0831
1690,-131.0,8395,46.4411,-63.8381
1691,-178.0,8400,46.5753,-63.9306
1692,-155.0,8404,46.2156,-63.4875
1693,-162.0,8406,46.3436,-63.1697
1694,-74.0,8409,47.2939,-53.9933
1695,-158.0,8413,48.9667,-56.0667
1696,-170.0,8419,47.9833,-55.8
1697,-170.0,8426,48.5667,-58.3667
1698,-130.0,8427,47.4306,-54.8428
1699,-138.0,8428,48.6672,-53.1142
1700,-80.0,8429,48.6672,-53.1142
1701,-105.0,8431,46.8831,-53.9681
1702,-100.0,8432,48.0336,-53.1189
1703,-165.0,8433,48.8167,-56.8667
1704,-121.0,8439,47.6167,-57.6167
1705,-92.0,8440,47.6167,-57.6167
1706,-225.0,8442,48.1667,-57.3333
1707,-130.0,8445,47.5792,-53.3161
1708,-82.0,8446,46.66,-53.0764
1709,-120.0,8448,46.8667,-52.95
1710,-150.0,8450,49.4,-54.2667
1711,-170.0,8455,48.3833,-53.6667
1712,-148.0,8457,48.3633,-53.9639
1713,-180.0,8466,49.3167,-57.4
1714,-142.0,8468,48.9333,-57.9167
1715,-135.0,8469,48.95,-57.95
1716,-150.0,8471,49.9117,-57.7889
1717,-172.0,8472,50.2364,-57.5811
1718,-160.0,8474,49.1667,-57.4333
1719,-184.0,8475,49.2167,-57.4
1720,-147.0,8484,50.7211,-56.1128
1721,-190.0,8485,48.7667,-56.6
1722,-158.0,8486,51.0167,-57.1
1723,-210.0,8488,51.3333,-56.6833
1724,-135.0,8490,49.7167,-54.3
1725,-177.01,8494,48.7,-58.2333
1726,-150.0,8496,48.7825,-54.2144
1727,-160.0,8497,48.9464,-54.5769
1728,-117.0,8499,48.9461,-54.5669
1729,-110.0,8502,47.2297,-55.3608
1730,-160.0,8504,48.9833,-54.85
1731,-155.0,8506,47.9492,-53.9653
1732,-135.0,8508,47.85,-59.25
1733,-178.0,8510,48.9333,-55.6667
1734,-110.0,8517,47.4667,-55.8333
1735,-190.0,8518,50.3667,-56.5167
1736,-197.94,8521,50.6,-57.1833
1737,-125.0,8522,47.8667,-53.3833
1738,-115.0,8527,47.3819,-53.1233
1739,-110.0,8528,47.45,-53.1
1740,-160.0,8532,49.0389,-53.8756
1741,-120.0,8533,47.5833,-58.9667
1742,-100.0,8539,46.8667,-55.1333
1743,-169.0,8540,49.9167,-55.6667
1744,-150.0,8541,48.35,-53.9017
1745,-120.0,8544,47.6242,-52.6642
1746,-115.0,8545,47.4167,-53.8167
1747,-165.0,8549,49.6833,-56.0833
1748,-142.76,8553,49.45,-53.9833
1749,-118.0,8556,47.1333,-53.6667
1750,-190.0,8562,51.0667,-56.8833
1751,-160.0,8563,49.3333,-55.4
1752,-152.61,8566,47.7,-55.5833
1753,-130.0,8567,47.5739,-59.1547
1754,-170.0,8574,48.3494,-54.1703
1755,-195.0,8575,50.65,-57.2
1756,-110.0,8576,47.6453,-52.8169
1757,-130.0,8582,47.2992,-55.01
1758,-170.0,8583,49.0667,-55.3
1759,-153.0,8586,49.57,-57.8778
1760,-112.0,8589,47.3678,-55.7947
1761,-194.0,8593,51.3833,-56.1
1762,-130.0,8606,47.6222,-52.7428
1763,-120.0,8610,47.5156,-52.7847
1764,-77.0,8615,46.9167,-55.3833
1765,-115.0,8619,47.0936,-55.2017
1766,-120.0,8622,48.05,-53.1
1767,-120.0,8623,47.5667,-52.6833
1768,-160.0,8625,49.7667,-56.8833
1769,-163.0,8627,49.0167,-57.6167
1770,-141.0,8632,48.5333,-58.55
1771,-140.0,8637,47.8853,-54.2131
1772,-110.0,8639,48.5569,-53.9744
1773,-117.0,8653,49.6833,-54.8
1774,-140.0,8655,47.7683,-53.2178
1775,-135.0,8659,47.4167,-53.5375
1776,-110.0,8662,47.1667,-55.3
1777,-116.0,8663,47.1364,-55.3275
1778,-180.0,8664,49.0333,-55.55
1779,-77.0,8667,47.7117,-59.3083
1780,-118.0,8668,48.1719,-52.9392
1781,-135.0,8669,48.65,-58.9833
1782,-212.0,8671,51.3833,-56.1
1783,-100.0,8672,46.9167,-53.5667
1784,-210.0,8675,51.1833,-56.0167
1785,-240.0,8677,50.8833,-56.1167
1786,-130.0,8679,49.0667,-58.1167
1787,-297.0,8689,59.985,-64.165
1788,-274.0,8690,57.1358,-61.4756
1789,-246.0,8691,53.7083,-57.035
1790,-326.0,8694,53.5578,-64.0939
1791,-286.0,8699,53.3167,-60.4167
1792,-225.0,8702,55.45,-60.2167
1793,-253.0,8713,56.55,-61.6833
1794,-282.0,8714,56.55,-61.6833
1795,-276.0,8721,55.0822,-59.1886
1796,-268.0,8727,58.3333,-62.5856
1797,-276.0,8731,54.7158,-58.3578
1798,-333.0,8734,52.9272,-66.8742
1799,-215.0,8737,51.6,-56.7
1800,-242.0,8741,52.3036,-55.8325
1801,-202.0,10275,51.6675,-115.506
1802,-113.0,12243,45.9167,-66.6167
